              1        346.773       1178.725       0.772682       0.831177
              2        352.773       1021.885       0.743374       0.831177
              3        152.273       1195.455       0.887015       0.831177
              4        327.773       1157.384       0.779301       0.831177
              5        328.273        970.315       0.747208       0.831177
              6        347.773       1104.584       0.760546       0.831177
              7        232.273       1197.255       0.837518       0.831177
              8        297.773       1265.584       0.809530       0.831177
              9        229.773       1107.604       0.828191       0.831177
             10        257.773        865.185       0.770452       0.831177
             11        168.773       1077.145       0.864539       0.831177
             12        214.773       1180.205       0.846038       0.831177
             13        192.773       1292.284       0.870192       0.831177
             14        257.773       1107.685       0.811219       0.831177
             15        293.773       1314.645       0.817353       0.831177
             16        178.273       1161.814       0.866969       0.831177
             17        273.273       1008.514       0.786803       0.831177
             18        212.773       1177.485       0.846954       0.831177
             19        217.773       1186.284       0.844897       0.831177
             20        265.273       1242.134       0.824020       0.831177
             21        266.273       1345.995       0.834846       0.831177
             22        226.773       1154.524       0.835826       0.831177
             23        379.773        912.605       0.706144       0.831177
             24        194.773       1089.005       0.848281       0.831177
             25        213.273       1214.915       0.850669       0.831177
             26        207.773       1151.185       0.847109       0.831177
             27        393.773       1057.645       0.728698       0.831177
             28        220.773       1303.364       0.855149       0.831177
             29        207.773       1119.185       0.843422       0.831177
             30        172.773       1106.584       0.864953       0.831177
             31        230.646       1165.361       0.834760       0.831177
             32        931.773        331.825       0.262603       0.243102
             33        230.646       1165.361       0.834760       0.831177
             34        184.273       1194.475       0.866348       0.831177
             35        317.273       1279.854       0.801348       0.831177
             36        202.273       1218.955       0.857677       0.831177
             37        160.773       1286.764       0.888933       0.831177
             38        184.273       1340.975       0.879185       0.831177
             39        258.773       1236.044       0.826887       0.831177
             40        160.773       1330.264       0.892174       0.831177
             41        316.773        849.425       0.728371       0.831177
             42        101.773       1273.524       0.925999       0.831177
             43        402.273        973.455       0.707593       0.831177
             44        508.273        927.115       0.645899       0.831177
             45        233.773       1270.044       0.844547       0.831177
             46        335.773       1091.764       0.764789       0.831177
             47        141.273       1093.495       0.885587       0.831177
             48        151.273       1481.594       0.907357       0.831177
             49        239.273       1261.774       0.840596       0.831177
             50        274.773       1012.804       0.786597       0.831177
             51        281.273       1028.895       0.785315       0.831177
             52        187.273       1074.054       0.851527       0.831177
             53        384.773       1282.405       0.769207       0.831177
             54        178.773       1252.245       0.875073       0.831177
             55        348.773       1255.445       0.782590       0.831177
             56        222.273       1204.155       0.844175       0.831177
             57        259.773        958.405       0.786753       0.831177
             58        340.773        976.565       0.741317       0.831177
             59        261.273       1020.194       0.796114       0.831177
             60        651.773        502.025       0.435106       0.243102
             61        758.773        659.045       0.464830       0.243102
             62        223.773       1179.945       0.840586       0.831177
             63        126.773       1179.524       0.902952       0.831177
             64        392.773       1112.284       0.739031       0.831177
             65        186.273       1198.695       0.865504       0.831177
             66        455.773        922.465       0.669307       0.831177
             67        294.273       1389.574       0.825238       0.831177
             68        167.273       1285.854       0.884888       0.831177
             69        216.773       1264.925       0.853700       0.831177
             70        232.773       1111.185       0.826800       0.831177
             71        131.273        969.395       0.880733       0.831177
             72        159.273       1159.475       0.879224       0.831177
             73        110.273       1246.834       0.918744       0.831177
             74        218.273       1263.715       0.852716       0.831177
             75        225.273       1434.235       0.864253       0.831177
             76        151.773        985.525       0.866549       0.831177
             77        843.273        530.215       0.386035       0.243102
             78        814.773        557.205       0.406133       0.243102
             79        831.773        220.325       0.209415       0.243102
             80        845.273        301.435       0.262870       0.243102
             81       1071.273        221.295       0.171206       0.243102
             82        809.273        600.975       0.426148       0.243102
             83        230.646       1165.361       0.834760       0.831177
             84        131.773       1445.324       0.916446       0.831177
             85        212.773       1377.985       0.866244       0.831177
             86        256.773       1102.324       0.811071       0.831177
             87        263.773       1153.344       0.813866       0.831177
             88        327.273       1123.455       0.774408       0.831177
             89        252.773       1213.384       0.827595       0.831177
             90        262.773        992.485       0.790662       0.831177
             91        360.773       1135.764       0.758928       0.831177
             92        332.773       1070.685       0.762891       0.831177
             93        293.773       1205.145       0.804010       0.831177
             94        214.773        942.705       0.814447       0.831177
             95        184.273       1320.475       0.877539       0.831177
             96        156.273       1196.895       0.884513       0.831177
             97        869.773        508.005       0.368713       0.243102
             98        900.273        416.735       0.316426       0.243102
             99        230.646       1165.361       0.834760       0.831177
            100        186.773       1224.124       0.867621       0.831177
            101        312.773       1114.985       0.780934       0.831177
            102        235.773       1325.764       0.849012       0.831177
            103        345.773       1408.364       0.802881       0.831177
            104        281.273       1124.895       0.799972       0.831177
            105        125.773        913.665       0.878999       0.831177
            106        179.773       1262.604       0.875363       0.831177
            107        189.773       1206.205       0.864057       0.831177
            108        204.273       1063.675       0.838895       0.831177
            109        224.773       1275.804       0.850209       0.831177
            110        204.273       1249.175       0.859456       0.831177
            111        152.773       1138.384       0.881677       0.831177
            112        170.773       1308.364       0.884546       0.831177
            113        173.773       1273.945       0.879968       0.831177
            114        160.273       1204.834       0.882593       0.831177
            115        174.773       1317.304       0.882866       0.831177
            116        261.273       1371.695       0.840001       0.831177
            117        143.773       1149.645       0.888843       0.831177
            118        219.773       1058.005       0.828004       0.831177
            119        172.773       1132.584       0.867643       0.831177
            120        255.273       1073.534       0.807893       0.831177
            121        212.773       1136.485       0.842304       0.831177
            122        286.773       1039.124       0.783714       0.831177
            123        183.273       1170.114       0.864582       0.831177
            124        110.273       1110.334       0.909657       0.831177
            125        262.273       1227.054       0.823898       0.831177
            126        139.273       1236.774       0.898788       0.831177
            127        257.773       1036.185       0.800787       0.831177
            128        303.273        985.815       0.764738       0.831177
            129        198.273       1085.514       0.845556       0.831177
            130        130.773       1133.965       0.896601       0.831177
            131        243.273        819.215       0.771035       0.831177
            132        895.273         21.935       0.023915       0.243102
            133       1135.773        -22.235      -0.019968       0.243102
            134       1020.773         54.865       0.051007       0.243102
            135        821.273         24.295       0.028732       0.243102
            136        836.273         27.195       0.031495       0.243102
            137        230.646       1165.361       0.834760       0.831177
            138        130.773       1171.465       0.899578       0.831177
            139        177.773       1119.384       0.862952       0.831177
            140        272.773       1223.584       0.817709       0.831177
            141        307.773       1226.685       0.799426       0.831177
            142        171.773       1029.725       0.857034       0.831177
            143        208.273       1364.614       0.867586       0.831177
            144        145.773       1217.864       0.893100       0.831177
            145        301.773        965.525       0.761877       0.831177
            146        234.773       1416.405       0.857815       0.831177
            147        178.273       1200.314       0.870684       0.831177
            148        330.773       1086.965       0.766690       0.831177
            149        184.773       1156.405       0.862231       0.831177
            150        180.773       1068.465       0.855293       0.831177
            151        308.273       1311.114       0.809636       0.831177
            152        215.273       1357.634       0.863137       0.831177
            153        295.773       1005.865       0.772769       0.831177
            154         50.273       1202.235       0.959862       0.831177
            155        236.773       1365.624       0.852238       0.831177
            156         51.273        951.095       0.948848       0.831177
            157        161.773       1142.124       0.875931       0.831177
            158        230.773       1038.965       0.818251       0.831177
            159        352.773       1137.884       0.763344       0.831177
            160        236.773       1280.124       0.843910       0.831177
            161        256.773       1265.824       0.831359       0.831177
            162        247.773       1240.584       0.833526       0.831177
            163        278.273       1284.314       0.821915       0.831177
            164        230.646       1165.361       0.834760       0.831177
            165        875.273        188.235       0.176994       0.243102
            166        994.773        309.005       0.237007       0.243102
            167       1082.273        222.255       0.170372       0.243102
            168        615.773        290.065       0.320217       0.243102
            169        869.273        313.075       0.264791       0.243102
            170       1001.273        257.095       0.204308       0.243102
            171        996.773        139.225       0.122557       0.243102
            172        719.773        126.005       0.148981       0.243102
            173        823.273        379.515       0.315529       0.243102
            174        839.273        580.275       0.408774       0.243102
            175        944.773        151.505       0.138199       0.243102
            176        191.273       1104.995       0.852443       0.831177
            177        198.273       1382.514       0.874573       0.831177
            178        216.273       1087.495       0.834117       0.831177
            179        210.273       1350.834       0.865305       0.831177
            180        277.273       1059.955       0.792651       0.831177
            181       1132.773        326.685       0.223840       0.243102
            182        961.773        260.625       0.213208       0.243102
            183       1127.773        299.385       0.209777       0.243102
            184        287.273        935.055       0.764979       0.831177
            185        201.773       1108.524       0.846010       0.831177
            186        305.773       1073.965       0.778383       0.831177
            187        356.273       1117.895       0.758323       0.831177
            188        159.273       1227.975       0.885188       0.831177
            189        328.273        990.315       0.751042       0.831177
            190        604.273        910.675       0.601126       0.831177
            191        214.773       1254.705       0.853844       0.831177
            192        127.273       1409.455       0.917179       0.831177
            193        402.773       1071.884       0.726870       0.831177
            194        927.273        275.455       0.229025       0.243102
            195        860.273        198.335       0.187355       0.243102
            196        950.773        307.165       0.244181       0.243102
            197        809.773        353.905       0.304126       0.243102
            198        882.273        163.255       0.156146       0.243102
            199        867.773        305.285       0.260247       0.243102
            200        915.273        142.135       0.134418       0.243102
            201       1063.773        397.345       0.271946       0.243102
            202        885.773        652.765       0.424276       0.243102
            203        706.773        286.825       0.288673       0.243102
            204        967.273        529.355       0.353698       0.243102
            205        168.773       1035.645       0.859872       0.831177
            206         86.273       1190.695       0.932439       0.831177
            207        176.773        975.025       0.846524       0.831177
