              1        277.755       1156.033
              2        242.355       1025.988
              3        211.055       1009.670
              4        246.755       1256.372
              5        187.055       1046.331
              6        231.320       1053.735
              7        917.355        203.789
              8        890.755        196.513
              9        912.055        138.231
             10        991.755        233.373
             11        744.055        171.051
             12       1005.054        147.211
             13        203.355       1071.748
             14        212.755       1094.432
             15        326.755        977.473
             16        263.355        888.049
             17        374.755       1184.453
             18        233.055       1088.291
             19        169.755        993.153
             20        272.755        996.733
             21        239.755        963.653
             22        283.055       1141.291
             23        172.355        821.789
             24        318.055       1116.390
             25        186.055       1194.170
             26        285.755        961.513
             27        218.755       1263.892
             28        305.755       1012.112
             29        949.932        189.951
             30        877.055        288.131
             31        911.355        189.629
             32        231.320       1053.735
             33        315.755       1062.312
             34        230.355       1069.668
             35        197.355       1180.589
             36        311.055        923.671
             37        242.355       1089.589
             38        241.755       1017.072
             39        228.755       1107.493
             40        298.055       1193.491
             41        282.755       1115.332
             42        230.755       1011.612
             43        187.355       1106.688
             44        169.055       1013.250
             45        185.355        840.569
             46        189.055       1147.051
             47        266.755       1158.572
             48        207.055       1045.531
             49        160.355       1163.468
             50        210.755       1113.412
             51        275.755        849.613
             52        237.755       1057.932
             53        259.755       1236.852
             54        235.355        800.269
             55        220.355        993.069
             56        250.055       1146.210
             57        203.755       1142.993
             58        133.055       1160.890
             59        144.355       1091.309
             60         44.755        935.953
             61        275.755        958.913
             62        131.055        776.171
             63        257.755        884.433
             64        197.055       1056.331
             65        275.355        992.969
             66        228.355       1255.549
             67        254.055        999.651
             68        185.055       1169.011
             69        155.755       1127.412
             70        171.055       1181.271
             71        311.055        981.371
             72        293.755        870.093
             73        560.055        618.111
             74        242.055       1016.630
             75        287.355        939.989
             76        228.055        865.291
             77        182.055        940.431
             78        292.755       1056.932
             79        870.755        209.613
             80        976.055        223.871
             81       1083.354         89.549
             82       1116.755        141.873
             83       1052.755        236.533
             84        340.355       1061.869
             85        193.355       1101.448
             86         98.355       1157.149
             87        147.355        996.289
             88        187.755       1227.233
             89        196.355        958.029
             90        390.055       1062.910
             91        261.055        927.371
             92        175.355       1427.369
             93        767.010        -20.029
             94        576.355        -21.171
             95        765.355          7.769
             96        800.055         17.511
             97        649.355        -10.391
             98        715.355        -32.931
             99        727.355        -55.911
            100        801.055        -53.929
            101        753.055         41.491
            102        643.055        -15.809
            103        759.355        -83.091
            104        862.355        -22.811
            105        592.755         -5.067
            106        561.355        -30.071
            107        554.755        -13.747
            108        928.755        -81.107
            109        628.355        -48.751
            110        677.355        -45.311
            111        730.355        -59.731
            112        726.355         21.829
            113        638.755        -29.907
            114        728.055         -6.009
            115        728.355         11.249
            116        789.355         71.709
            117        985.755        -13.487
            118        749.355        -13.391
            119        563.355         -0.951
            120        631.355         15.529
            121        724.755        -63.947
            122        515.055         18.111
            123        735.755        -57.487
            124        600.355        -16.131
            125        480.055         63.311
            126        724.055        -87.849
            127        671.055         29.271
            128        543.755         62.393
            129        628.355        -48.051
            130        600.055         -6.089
            131        765.755        -18.687
            132        719.755         36.753
            133        563.755         26.593
            134        817.755       -116.267
            135        687.055        -11.269
            136        580.755         -3.087
            137        544.055         38.051
            138        512.355         43.489
            139        575.755        -39.087
            140        752.355        -34.411
            141        725.055        -28.589
            142        849.355        -37.991
            143        686.355          8.429
            144        776.355         -6.771
            145        737.355         40.289
            146        725.355        -78.631
            147        505.055         31.211
            148        799.355        -43.991
            149        614.055        -40.749
            150        758.055          3.791
            151        612.755         40.433
            152        624.755          1.753
            153        736.755        -73.627
            154        704.355         11.609
            155        811.055        -91.029
            156        803.355        -66.251
            157        678.055        -45.709
            158        584.055          1.451
            159        686.355        -16.871
            160        604.355         17.909
            161        655.355         35.769
            162        657.055         15.931
            163        940.355          5.869
            164        973.755        -12.407
            165       1058.354        -95.651
            166        997.755         -9.767
            167        704.055         75.651
            168        978.055         -5.709
            169       1007.054         19.231
            170        920.355        -16.631
            171        905.355        -51.231
            172       1282.354        -78.611
            173        921.755        -41.527
            174       1055.054        -27.789
            175        889.755        -47.047
            176        959.355          5.909
            177       1144.054        -58.249
            178       1066.755        -67.427
            179       1055.054         -4.789
            180        949.755          0.553
            181       1034.054       -103.549
            182        888.355        -14.851
            183        979.055         22.851
            184        700.055         18.511
            185        677.755        -35.667
            186        599.055         49.651
            187        739.755         23.653
            188        680.755         -9.087
            189        781.055        -24.829
            190        658.355         82.349
            191        564.755        -30.847
            192        819.755        -51.847
            193        672.755        -33.667
            194        615.355        -11.631
            195        670.055          8.411
            196        627.355        -54.611
            197        662.355        -24.211
            198        698.355        -32.851
            199        876.055        -70.129
            200        719.755        -37.847
            201        694.055         -6.249
            202       1261.354        -77.071
            203       1075.054        -62.589
            204        763.755        -61.707
            205        573.755          1.893
            206        580.055        -21.989
            207        721.355          3.929
            208        623.355        -52.351
            209        691.055        -29.229
            210        734.055        -32.249
            211        570.055        -22.889
            212        687.055         12.731
            213        504.755        -71.747
            214        594.755         87.253
            215        639.055        -32.549
            216        562.755         31.133
            217        746.755        -67.327
            218        732.355        -72.611
            219        711.755        -50.427
            220       1183.755         -4.207
            221       1010.355         -9.931
            222       1141.054        -37.829
            223       1008.755        -22.707
            224        811.355        -43.071
            225        572.755         33.333
            226        659.055        -20.749
            227        656.755        -47.427
            228        662.355         60.489
            229        703.755        -17.607
            230        756.055         -6.629
            231        702.355        -24.811
            232        738.755         -4.907
            233        624.055          4.851
            234        640.755        -88.487
            235        726.355         -6.471
            236        668.755         -1.107
            237        775.355         24.669
            238        726.355        -36.171
            239        687.755        -12.367
            240        583.355         -1.151
            241        578.755        -19.507
            242        729.755        -54.947
            243        663.055        -42.909
            244        817.355        -71.211
            245       1087.354        -85.711
            246       1043.755        -23.907
            247       1121.755        -49.127
            248       1054.755        -36.147
            249        904.755         -9.147
            250       1071.054       -107.429
            251        834.055        -70.549
            252       1089.354        -53.991
            253       1017.355        -66.511
            254        939.755        -16.347
            255        832.355         13.689
            256        871.355         53.229
            257        992.055        -32.969
            258        732.355         -1.611
            259        612.055        -45.169
            260        986.355        -36.571
            261        952.755        -40.867
            262       1099.054        -11.349
            263        834.055        103.151
            264        970.355        -73.331
            265        892.355        -65.011
            266        999.755        -53.747
            267       1179.354       -103.891
            268        817.055          6.131
            269        561.055        -53.629
            270        709.755        -16.447
            271        740.755        -18.487
            272        703.055        -30.909
            273        661.755        -15.127
            274        634.755        -21.947
            275        890.055        -33.689
            276        982.755         -3.667
            277        875.755        -49.687
            278       1017.054         -6.469
            279       1001.355        -51.271
            280       1059.054         44.251
            281       1191.354        -87.871
            282       1031.354        -52.871
            283       1173.354        -58.351
            284        807.355        -36.811
            285        838.755        -45.507
            286        614.055         12.251
            287        613.055        -11.309
            288        622.355        -42.211
            289        464.755         51.453
            290        603.755        -37.007
            291        673.355        -88.751
            292        716.055        -42.329
            293        672.355         21.389
            294        625.355        -84.631
            295        593.055        -29.509
            296        620.055         49.411
            297        760.355        -42.531
            298        759.055         42.251
            299        702.355        -61.411
            300        634.355         12.709
            301        702.755         -7.867
            302        547.355         49.589
            303        533.055         67.591
            304        697.755        -31.767
            305        629.055        -63.149
            306        668.055        -63.609
            307        655.755        -43.287
            308        683.355        -35.751
            309        652.055        -16.369
            310        615.055         35.111
            311        653.355          0.749
            312        473.055        -23.709
            313        621.355        -74.771
            314        581.055         21.171
            315        654.755         61.853
            316        590.355        -39.431
            317        861.055        -41.029
            318        822.355         53.089
            319        849.055        -39.949
            320        940.755        -30.187
            321        831.755        -58.527
            322        842.755         49.233
            323        731.055         29.571
            324        616.055         13.971
            325        664.355        -68.491
            326        762.055        -33.469
            327       1008.054       -158.209
            328        575.355        -43.331
            329        822.755        -16.267
            330        712.355        -22.511
            331        853.055        -35.209
            332        785.055        -54.389
            333        665.055         40.811
            334        757.755        -24.167
            335        590.055        -39.389
            336        657.055        -30.769
            337        478.755         10.193
            338        838.055        -56.809
            339        588.355          0.149
            340        733.355        -28.151
            341        578.055         14.591
            342        639.355        -35.991
            343        646.755        -47.327
            344        653.355         16.749
            345        713.355        -17.951
            346        732.055        -34.569
            347        915.755         -6.687
            348        871.055        -11.429
            349       1031.354         12.829
            350       1021.355         -5.771
            351       1271.354        -13.471
            352        983.755         58.193
            353        999.755        -29.747
            354       1127.054          6.731
            355       1166.054        -51.329
            356        967.355        -12.511
            357        731.755        -83.227
            358        624.755        -42.947
            359        588.055         25.191
            360        581.355        -91.871
            361        842.355        -32.011
            362        932.055        -39.969
            363        927.355         35.389
