              1        277.755       1156.033       0.806279       0.819087
              2        242.355       1025.988       0.808920       0.819087
              3        211.055       1009.670       0.827107       0.819087
              4        246.755       1256.372       0.835839       0.819087
              5        187.055       1046.331       0.848340       0.819087
              6        231.320       1053.735       0.819024       0.819087
              7        917.355        203.789       0.181769       0.196314
              8        890.755        196.513       0.180740       0.196314
              9        912.055        138.231       0.131613       0.196314
             10        991.755        233.373       0.190489       0.196314
             11        744.055        171.051       0.186919       0.196314
             12       1005.054        147.211       0.127758       0.196314
             13        203.355       1071.748       0.840519       0.819087
             14        212.755       1094.432       0.837242       0.819087
             15        326.755        977.473       0.749465       0.819087
             16        263.355        888.049       0.771275       0.819087
             17        374.755       1184.453       0.759650       0.819087
             18        233.055       1088.291       0.823623       0.819087
             19        169.755        993.153       0.854025       0.819087
             20        272.755        996.733       0.785146       0.819087
             21        239.755        963.653       0.800770       0.819087
             22        283.055       1141.291       0.801274       0.819087
             23        172.355        821.789       0.826630       0.819087
             24        318.055       1116.390       0.778273       0.819087
             25        186.055       1194.170       0.865200       0.819087
             26        285.755        961.513       0.770895       0.819087
             27        218.755       1263.892       0.852456       0.819087
             28        305.755       1012.112       0.767993       0.819087
             29        949.932        189.951       0.174133       0.196314
             30        877.055        288.131       0.247283       0.196314
             31        911.355        189.629       0.172236       0.196314
             32        231.320       1053.735       0.819024       0.819087
             33        315.755       1062.312       0.770871       0.819087
             34        230.355       1069.668       0.822807       0.819087
             35        197.355       1180.589       0.856776       0.819087
             36        311.055        923.671       0.748078       0.819087
             37        242.355       1089.589       0.818044       0.819087
             38        241.755       1017.072       0.807952       0.819087
             39        228.755       1107.493       0.828808       0.819087
             40        298.055       1193.491       0.800170       0.819087
             41        282.755       1115.332       0.797756       0.819087
             42        230.755       1011.612       0.814262       0.819087
             43        187.355       1106.688       0.855217       0.819087
             44        169.055       1013.250       0.857012       0.819087
             45        185.355        840.569       0.819329       0.819087
             46        189.055       1147.051       0.858503       0.819087
             47        266.755       1158.572       0.812846       0.819087
             48        207.055       1045.531       0.834698       0.819087
             49        160.355       1163.468       0.878870       0.819087
             50        210.755       1113.412       0.840840       0.819087
             51        275.755        849.613       0.754965       0.819087
             52        237.755       1057.932       0.816503       0.819087
             53        259.755       1236.852       0.826437       0.819087
             54        235.355        800.269       0.772741       0.819087
             55        220.355        993.069       0.818402       0.819087
             56        250.055       1146.210       0.820912       0.819087
             57        203.755       1142.993       0.848706       0.819087
             58        133.055       1160.890       0.897171       0.819087
             59        144.355       1091.309       0.883176       0.819087
             60         44.755        935.953       0.954365       0.819087
             61        275.755        958.913       0.776657       0.819087
             62        131.055        776.171       0.855543       0.819087
             63        257.755        884.433       0.774332       0.819087
             64        197.055       1056.331       0.842782       0.819087
             65        275.355        992.969       0.782899       0.819087
             66        228.355       1255.549       0.846112       0.819087
             67        254.055        999.651       0.797357       0.819087
             68        185.055       1169.011       0.863334       0.819087
             69        155.755       1127.412       0.878617       0.819087
             70        171.055       1181.271       0.873511       0.819087
             71        311.055        981.371       0.759325       0.819087
             72        293.755        870.093       0.747600       0.819087
             73        560.055        618.111       0.524638       0.196314
             74        242.055       1016.630       0.807692       0.819087
             75        287.355        939.989       0.765872       0.819087
             76        228.055        865.291       0.791416       0.819087
             77        182.055        940.431       0.837811       0.819087
             78        292.755       1056.932       0.783094       0.819087
             79        870.755        209.613       0.194020       0.196314
             80        976.055        223.871       0.186571       0.196314
             81       1083.354         89.549       0.076348       0.196314
             82       1116.755        141.873       0.112720       0.196314
             83       1052.755        236.533       0.183460       0.196314
             84        340.355       1061.869       0.757275       0.819087
             85        193.355       1101.448       0.850668       0.819087
             86         98.355       1157.149       0.921661       0.819087
             87        147.355        996.289       0.871153       0.819087
             88        187.755       1227.233       0.867310       0.819087
             89        196.355        958.029       0.829905       0.819087
             90        390.055       1062.910       0.731545       0.819087
             91        261.055        927.371       0.780336       0.819087
             92        175.355       1427.369       0.890589       0.819087
             93        767.010        -20.029      -0.027204      -0.027203
             94        576.355        -21.171      -0.038133      -0.027203
             95        765.355          7.769       0.010049      -0.027203
             96        800.055         17.511       0.021418      -0.027203
             97        649.355        -10.391      -0.016262      -0.027203
             98        715.355        -32.931      -0.048256      -0.027203
             99        727.355        -55.911      -0.083270      -0.027203
            100        801.055        -53.929      -0.072182      -0.027203
            101        753.055         41.491       0.052220      -0.027203
            102        643.055        -15.809      -0.025204      -0.027203
            103        759.355        -83.091      -0.122868      -0.027203
            104        862.355        -22.811      -0.027171      -0.027203
            105        592.755         -5.067      -0.008622      -0.027203
            106        561.355        -30.071      -0.056601      -0.027203
            107        554.755        -13.747      -0.025410      -0.027203
            108        928.755        -81.107      -0.095685      -0.027203
            109        628.355        -48.751      -0.084111      -0.027203
            110        677.355        -45.311      -0.071690      -0.027203
            111        730.355        -59.731      -0.089068      -0.027203
            112        726.355         21.829       0.029176      -0.027203
            113        638.755        -29.907      -0.049121      -0.027203
            114        728.055         -6.009      -0.008322      -0.027203
            115        728.355         11.249       0.015209      -0.027203
            116        789.355         71.709       0.083280      -0.027203
            117        985.755        -13.487      -0.013872      -0.027203
            118        749.355        -13.391      -0.018195      -0.027203
            119        563.355         -0.951      -0.001691      -0.027203
            120        631.355         15.529       0.024006      -0.027203
            121        724.755        -63.947      -0.096771      -0.027203
            122        515.055         18.111       0.033969      -0.027203
            123        735.755        -57.487      -0.084756      -0.027203
            124        600.355        -16.131      -0.027611      -0.027203
            125        480.055         63.311       0.116516      -0.027203
            126        724.055        -87.849      -0.138083      -0.027203
            127        671.055         29.271       0.041796      -0.027203
            128        543.755         62.393       0.102934      -0.027203
            129        628.355        -48.051      -0.082803      -0.027203
            130        600.055         -6.089      -0.010251      -0.027203
            131        765.755        -18.687      -0.025014      -0.027203
            132        719.755         36.753       0.048582      -0.027203
            133        563.755         26.593       0.045046      -0.027203
            134        817.755       -116.267      -0.165743      -0.027203
            135        687.055        -11.269      -0.016675      -0.027203
            136        580.755         -3.087      -0.005344      -0.027203
            137        544.055         38.051       0.065368      -0.027203
            138        512.355         43.489       0.078240      -0.027203
            139        575.755        -39.087      -0.072833      -0.027203
            140        752.355        -34.411      -0.047930      -0.027203
            141        725.055        -28.589      -0.041049      -0.027203
            142        849.355        -37.991      -0.046824      -0.027203
            143        686.355          8.429       0.012132      -0.027203
            144        776.355         -6.771      -0.008798      -0.027203
            145        737.355         40.289       0.051809      -0.027203
            146        725.355        -78.631      -0.121584      -0.027203
            147        505.055         31.211       0.058201      -0.027203
            148        799.355        -43.991      -0.058238      -0.027203
            149        614.055        -40.749      -0.071077      -0.027203
            150        758.055          3.791       0.004976      -0.027203
            151        612.755         40.433       0.061901      -0.027203
            152        624.755          1.753       0.002798      -0.027203
            153        736.755        -73.627      -0.111030      -0.027203
            154        704.355         11.609       0.016215      -0.027203
            155        811.055        -91.029      -0.126425      -0.027203
            156        803.355        -66.251      -0.089880      -0.027203
            157        678.055        -45.709      -0.072285      -0.027203
            158        584.055          1.451       0.002478      -0.027203
            159        686.355        -16.871      -0.025200      -0.027203
            160        604.355         17.909       0.028780      -0.027203
            161        655.355         35.769       0.051755      -0.027203
            162        657.055         15.931       0.023672      -0.027203
            163        940.355          5.869       0.006203      -0.027203
            164        973.755        -12.407      -0.012906      -0.027203
            165       1058.354        -95.651      -0.099357      -0.027203
            166        997.755         -9.767      -0.009886      -0.027203
            167        704.055         75.651       0.097025      -0.027203
            168        978.055         -5.709      -0.005871      -0.027203
            169       1007.054         19.231       0.018738      -0.027203
            170        920.355        -16.631      -0.018403      -0.027203
            171        905.355        -51.231      -0.059981      -0.027203
            172       1282.354        -78.611      -0.065305      -0.027203
            173        921.755        -41.527      -0.047178      -0.027203
            174       1055.054        -27.789      -0.027051      -0.027203
            175        889.755        -47.047      -0.055828      -0.027203
            176        959.355          5.909       0.006122      -0.027203
            177       1144.054        -58.249      -0.053646      -0.027203
            178       1066.755        -67.427      -0.067472      -0.027203
            179       1055.054         -4.789      -0.004560      -0.027203
            180        949.755          0.553       0.000582      -0.027203
            181       1034.054       -103.549      -0.111283      -0.027203
            182        888.355        -14.851      -0.017002      -0.027203
            183        979.055         22.851       0.022808      -0.027203
            184        700.055         18.511       0.025761      -0.027203
            185        677.755        -35.667      -0.055548      -0.027203
            186        599.055         49.651       0.076539      -0.027203
            187        739.755         23.653       0.030983      -0.027203
            188        680.755         -9.087      -0.013529      -0.027203
            189        781.055        -24.829      -0.032833      -0.027203
            190        658.355         82.349       0.111177      -0.027203
            191        564.755        -30.847      -0.057776      -0.027203
            192        819.755        -51.847      -0.067517      -0.027203
            193        672.755        -33.667      -0.052680      -0.027203
            194        615.355        -11.631      -0.019265      -0.027203
            195        670.055          8.411       0.012397      -0.027203
            196        627.355        -54.611      -0.095350      -0.027203
            197        662.355        -24.211      -0.037940      -0.027203
            198        698.355        -32.851      -0.049363      -0.027203
            199        876.055        -70.129      -0.087017      -0.027203
            200        719.755        -37.847      -0.055502      -0.027203
            201        694.055         -6.249      -0.009085      -0.027203
            202       1261.354        -77.071      -0.065078      -0.027203
            203       1075.054        -62.589      -0.061818      -0.027203
            204        763.755        -61.707      -0.087896      -0.027203
            205        573.755          1.893       0.003288      -0.027203
            206        580.055        -21.989      -0.039402      -0.027203
            207        721.355          3.929       0.005417      -0.027203
            208        623.355        -52.351      -0.091682      -0.027203
            209        691.055        -29.229      -0.044164      -0.027203
            210        734.055        -32.249      -0.045951      -0.027203
            211        570.055        -22.889      -0.041832      -0.027203
            212        687.055         12.731       0.018193      -0.027203
            213        504.755        -71.747      -0.165694      -0.027203
            214        594.755         87.253       0.127935      -0.027203
            215        639.055        -32.549      -0.053666      -0.027203
            216        562.755         31.133       0.052422      -0.027203
            217        746.755        -67.327      -0.099094      -0.027203
            218        732.355        -72.611      -0.110059      -0.027203
            219        711.755        -50.427      -0.076251      -0.027203
            220       1183.755         -4.207      -0.003567      -0.027203
            221       1010.355         -9.931      -0.009927      -0.027203
            222       1141.054        -37.829      -0.034289      -0.027203
            223       1008.755        -22.707      -0.023028      -0.027203
            224        811.355        -43.071      -0.056061      -0.027203
            225        572.755         33.333       0.054997      -0.027203
            226        659.055        -20.749      -0.032506      -0.027203
            227        656.755        -47.427      -0.077835      -0.027203
            228        662.355         60.489       0.083682      -0.027203
            229        703.755        -17.607      -0.025661      -0.027203
            230        756.055         -6.629      -0.008845      -0.027203
            231        702.355        -24.811      -0.036619      -0.027203
            232        738.755         -4.907      -0.006687      -0.027203
            233        624.055          4.851       0.007713      -0.027203
            234        640.755        -88.487      -0.160225      -0.027203
            235        726.355         -6.471      -0.008989      -0.027203
            236        668.755         -1.107      -0.001658      -0.027203
            237        775.355         24.669       0.030835      -0.027203
            238        726.355        -36.171      -0.052408      -0.027203
            239        687.755        -12.367      -0.018311      -0.027203
            240        583.355         -1.151      -0.001977      -0.027203
            241        578.755        -19.507      -0.034881      -0.027203
            242        729.755        -54.947      -0.081426      -0.027203
            243        663.055        -42.909      -0.069192      -0.027203
            244        817.355        -71.211      -0.095439      -0.027203
            245       1087.354        -85.711      -0.085570      -0.027203
            246       1043.755        -23.907      -0.023442      -0.027203
            247       1121.755        -49.127      -0.045801      -0.027203
            248       1054.755        -36.147      -0.035487      -0.027203
            249        904.755         -9.147      -0.010213      -0.027203
            250       1071.054       -107.429      -0.111484      -0.027203
            251        834.055        -70.549      -0.092401      -0.027203
            252       1089.354        -53.991      -0.052147      -0.027203
            253       1017.355        -66.511      -0.069949      -0.027203
            254        939.755        -16.347      -0.017703      -0.027203
            255        832.355         13.689       0.016180      -0.027203
            256        871.355         53.229       0.057571      -0.027203
            257        992.055        -32.969      -0.034375      -0.027203
            258        732.355         -1.611      -0.002205      -0.027203
            259        612.055        -45.169      -0.079679      -0.027203
            260        986.355        -36.571      -0.038505      -0.027203
            261        952.755        -40.867      -0.044816      -0.027203
            262       1099.054        -11.349      -0.010434      -0.027203
            263        834.055        103.151       0.110062      -0.027203
            264        970.355        -73.331      -0.081749      -0.027203
            265        892.355        -65.011      -0.078578      -0.027203
            266        999.755        -53.747      -0.056815      -0.027203
            267       1179.354       -103.891      -0.096601      -0.027203
            268        817.055          6.131       0.007448      -0.027203
            269        561.055        -53.629      -0.105688      -0.027203
            270        709.755        -16.447      -0.023723      -0.027203
            271        740.755        -18.487      -0.025596      -0.027203
            272        703.055        -30.909      -0.045986      -0.027203
            273        661.755        -15.127      -0.023394      -0.027203
            274        634.755        -21.947      -0.035814      -0.027203
            275        890.055        -33.689      -0.039339      -0.027203
            276        982.755         -3.667      -0.003745      -0.027203
            277        875.755        -49.687      -0.060149      -0.027203
            278       1017.054         -6.469      -0.006401      -0.027203
            279       1001.355        -51.271      -0.053965      -0.027203
            280       1059.054         44.251       0.040108      -0.027203
            281       1191.354        -87.871      -0.079631      -0.027203
            282       1031.354        -52.871      -0.054034      -0.027203
            283       1173.354        -58.351      -0.052333      -0.027203
            284        807.355        -36.811      -0.047773      -0.027203
            285        838.755        -45.507      -0.057368      -0.027203
            286        614.055         12.251       0.019561      -0.027203
            287        613.055        -11.309      -0.018794      -0.027203
            288        622.355        -42.211      -0.072760      -0.027203
            289        464.755         51.453       0.099675      -0.027203
            290        603.755        -37.007      -0.065297      -0.027203
            291        673.355        -88.751      -0.151814      -0.027203
            292        716.055        -42.329      -0.062828      -0.027203
            293        672.355         21.389       0.030831      -0.027203
            294        625.355        -84.631      -0.156514      -0.027203
            295        593.055        -29.509      -0.052363      -0.027203
            296        620.055         49.411       0.073807      -0.027203
            297        760.355        -42.531      -0.059250      -0.027203
            298        759.055         42.251       0.052728      -0.027203
            299        702.355        -61.411      -0.095813      -0.027203
            300        634.355         12.709       0.019641      -0.027203
            301        702.755         -7.867      -0.011321      -0.027203
            302        547.355         49.589       0.083071      -0.027203
            303        533.055         67.591       0.112531      -0.027203
            304        697.755        -31.767      -0.047699      -0.027203
            305        629.055        -63.149      -0.111589      -0.027203
            306        668.055        -63.609      -0.105235      -0.027203
            307        655.755        -43.287      -0.070676      -0.027203
            308        683.355        -35.751      -0.055205      -0.027203
            309        652.055        -16.369      -0.025750      -0.027203
            310        615.055         35.111       0.054003      -0.027203
            311        653.355          0.749       0.001145      -0.027203
            312        473.055        -23.709      -0.052763      -0.027203
            313        621.355        -74.771      -0.136797      -0.027203
            314        581.055         21.171       0.035155      -0.027203
            315        654.755         61.853       0.086314      -0.027203
            316        590.355        -39.431      -0.071572      -0.027203
            317        861.055        -41.029      -0.050034      -0.027203
            318        822.355         53.089       0.060642      -0.027203
            319        849.055        -39.949      -0.049374      -0.027203
            320        940.755        -30.187      -0.033152      -0.027203
            321        831.755        -58.527      -0.075692      -0.027203
            322        842.755         49.233       0.055195      -0.027203
            323        731.055         29.571       0.038877      -0.027203
            324        616.055         13.971       0.022175      -0.027203
            325        664.355        -68.491      -0.114944      -0.027203
            326        762.055        -33.469      -0.045937      -0.027203
            327       1008.054       -158.209      -0.186162      -0.027203
            328        575.355        -43.331      -0.081446      -0.027203
            329        822.755        -16.267      -0.020170      -0.027203
            330        712.355        -22.511      -0.032632      -0.027203
            331        853.055        -35.209      -0.043051      -0.027203
            332        785.055        -54.389      -0.074438      -0.027203
            333        665.055         40.811       0.057817      -0.027203
            334        757.755        -24.167      -0.032944      -0.027203
            335        590.055        -39.389      -0.071530      -0.027203
            336        657.055        -30.769      -0.049129      -0.027203
            337        478.755         10.193       0.020847      -0.027203
            338        838.055        -56.809      -0.072716      -0.027203
            339        588.355          0.149       0.000253      -0.027203
            340        733.355        -28.151      -0.039919      -0.027203
            341        578.055         14.591       0.024620      -0.027203
            342        639.355        -35.991      -0.059651      -0.027203
            343        646.755        -47.327      -0.078954      -0.027203
            344        653.355         16.749       0.024995      -0.027203
            345        713.355        -17.951      -0.025814      -0.027203
            346        732.055        -34.569      -0.049562      -0.027203
            347        915.755         -6.687      -0.007356      -0.027203
            348        871.055        -11.429      -0.013295      -0.027203
            349       1031.354         12.829       0.012286      -0.027203
            350       1021.355         -5.771      -0.005682      -0.027203
            351       1271.354        -13.471      -0.010709      -0.027203
            352        983.755         58.193       0.055850      -0.027203
            353        999.755        -29.747      -0.030667      -0.027203
            354       1127.054          6.731       0.005937      -0.027203
            355       1166.054        -51.329      -0.046046      -0.027203
            356        967.355        -12.511      -0.013103      -0.027203
            357        731.755        -83.227      -0.128332      -0.027203
            358        624.755        -42.947      -0.073816      -0.027203
            359        588.055         25.191       0.041078      -0.027203
            360        581.355        -91.871      -0.187689      -0.027203
            361        842.355        -32.011      -0.039503      -0.027203
            362        932.055        -39.969      -0.044804      -0.027203
            363        927.355         35.389       0.036758      -0.027203
