    exampleTrace1    exampleTrace1    exampleTrace2    exampleTrace2    exampleTrace3    exampleTrace3
          277.755         1156.033          234.682         1127.599          346.773         1178.725
          242.355         1025.988          226.182          978.289          352.773         1021.885
          211.055         1009.670          440.682         1079.259          152.273         1195.455
          246.755         1256.372          330.682          927.159          327.773         1157.384
          187.055         1046.331          204.182          854.869          328.273          970.315
          231.320         1053.735          326.682          805.719          347.773         1104.584
          917.355          203.789          269.682         1138.699          232.273         1197.255
          890.755          196.513          352.682         1054.579          297.773         1265.584
          912.055          138.231          220.682          977.559          229.773         1107.604
          991.755          233.373          240.182         1017.829          257.773          865.185
          744.055          171.051          322.682          997.779          168.773         1077.145
         1005.054          147.211          272.682         1060.279          214.773         1180.205
          203.355         1071.748          373.182          873.709          192.773         1292.284
          212.755         1094.432          184.182         1004.669          257.773         1107.685
          326.755          977.473          194.682         1133.699          293.773         1314.645
          263.355          888.049          255.682          898.659          178.273         1161.814
          374.755         1184.453          193.182         1035.409          273.273         1008.514
          233.055         1088.291          125.682          795.359          212.773         1177.485
          169.755          993.153          194.182          779.769          217.773         1186.284
          272.755          996.733           64.182          859.969          265.273         1242.134
          239.755          963.653          155.182         1018.729          266.273         1345.995
          283.055         1141.291          269.682          901.699          226.773         1154.524
          172.355          821.789          154.182         1129.869          379.773          912.605
          318.055         1116.390          345.682          815.059          194.773         1089.005
          186.055         1194.170          208.182          981.809          213.273         1214.915
          285.755          961.513          248.182         1101.709          207.773         1151.185
          218.755         1263.892          274.182         1041.069          393.773         1057.645
          305.755         1012.112          829.682          244.299          220.773         1303.364
          949.932          189.951          911.682          264.819          207.773         1119.185
          877.055          288.131          873.182          142.209          172.773         1106.584
          911.355          189.629          786.182          189.389          230.646         1165.361
          231.320         1053.735          987.682          231.679          931.773          331.825
          315.755         1062.312         1013.182           90.109          230.646         1165.361
          230.355         1069.668          994.182          212.269          184.273         1194.475
          197.355         1180.589         1033.682           26.739          317.273         1279.854
          311.055          923.671         1043.182          134.409          202.273         1218.955
          242.355         1089.589          892.182          213.549          160.773         1286.764
          241.755         1017.072         1091.682          216.619          184.273         1340.975
          228.755         1107.493          861.182          137.889          258.773         1236.044
          298.055         1193.491          928.682          115.439          160.773         1330.264
          282.755         1115.332          835.182           58.529          316.773          849.425
          230.755         1011.612          836.182          264.389          101.773         1273.524
          187.355         1106.688          934.682          148.599          402.273          973.455
          169.055         1013.250         1028.182          237.009          508.273          927.115
          185.355          840.569          152.182          856.649          233.773         1270.044
          189.055         1147.051          215.682         1247.259          335.773         1091.764
          266.755         1158.572          172.682          843.779          141.273         1093.495
          207.055         1045.531          176.182          937.289          151.273         1481.594
          160.355         1163.468          285.182         1181.529          239.273         1261.774
          210.755         1113.412          179.682          869.299          274.773         1012.804
          275.755          849.613          329.182         1224.369          281.273         1028.895
          237.755         1057.932          238.182         1092.609          187.273         1074.054
          259.755         1236.852          244.682         1002.699          384.773         1282.405
          235.355          800.269          174.682         1008.499          178.773         1252.245
          220.355          993.069          360.182          852.029          348.773         1255.445
          250.055         1146.210          349.682         1021.499          222.273         1204.155
          203.755         1142.993          227.182          837.649          259.773          958.405
          133.055         1160.890          319.682          954.199          340.773          976.565
          144.355         1091.309          183.182         1162.809          261.273         1020.194
           44.755          935.953          239.182         1084.969          651.773          502.025
          275.755          958.913          107.682          832.379          758.773          659.045
          131.055          776.171          257.182          975.449          223.773         1179.945
          257.755          884.433          102.682         1050.079          126.773         1179.524
          197.055         1056.331          116.682         1154.619          392.773         1112.284
          275.355          992.969          110.682          825.959          186.273         1198.695
          228.355         1255.549          153.182          976.509          455.773          922.465
          254.055          999.651          120.682         1020.559          294.273         1389.574
          185.055         1169.011          143.682         1170.339          167.273         1285.854
          155.755         1127.412          118.682          745.339          216.773         1264.925
          171.055         1181.271          130.182          834.729          232.773         1111.185
          311.055          981.371          106.182         1047.589          131.273          969.395
          293.755          870.093          174.682          907.499          159.273         1159.475
          560.055          618.111          175.682          894.359          110.273         1246.834
          242.055         1016.630          284.682          968.599          218.273         1263.715
          287.355          939.989          156.682          780.519          225.273         1434.235
          228.055          865.291          330.182          825.729          151.773          985.525
          182.055          940.431           30.182          761.229          843.273          530.215
          292.755         1056.932          226.182         1076.789          814.773          557.205
          870.755          209.613          301.182          858.789          831.773          220.325
          976.055          223.871           58.682          843.239          845.273          301.435
         1083.354           89.549          174.182         1010.069         1071.273          221.295
         1116.755          141.873           59.682          756.599          809.273          600.975
         1052.755          236.533          187.682         1169.179          230.646         1165.361
          340.355         1061.869          132.182          959.949          131.773         1445.324
          193.355         1101.448           98.682          773.139          212.773         1377.985
           98.355         1157.149          116.682         1236.119          256.773         1102.324
          147.355          996.289          163.682          975.039          263.773         1153.344
          187.755         1227.233           54.682          827.799          327.273         1123.455
          196.355          958.029           78.182          877.009          252.773         1213.384
          390.055         1062.910          150.182         1110.429          262.773          992.485
          261.055          927.371          108.182         1157.309          360.773         1135.764
          175.355         1427.369          178.682         1155.939          332.773         1070.685
          767.010          -20.029          119.682          897.699          293.773         1205.145
          576.355          -21.171          126.682         1260.719          214.773          942.705
          765.355            7.769          210.182         1099.529          184.273         1320.475
          800.055           17.511          168.682         1221.339          156.273         1196.895
          649.355          -10.391           21.682         1114.419          869.773          508.005
          715.355          -32.931          172.182         1145.849          900.273          416.735
          727.355          -55.911           77.682          925.079          230.646         1165.361
          801.055          -53.929          176.682          901.719          186.773         1224.124
          753.055           41.491          168.182          990.409          312.773         1114.985
          643.055          -15.809           75.682          891.359          235.773         1325.764
          759.355          -83.091          177.182          891.149          345.773         1408.364
          862.355          -22.811          155.182          955.229          281.273         1124.895
          592.755           -5.067          136.682         1053.819          125.773          913.665
          561.355          -30.071           41.182          942.189          179.773         1262.604
          554.755          -13.747          157.682          819.379          189.773         1206.205
          928.755          -81.107          211.682          891.319          204.273         1063.675
          628.355          -48.751          230.682         1246.159          224.773         1275.804
          677.355          -45.311          179.182         1144.869          204.273         1249.175
          730.355          -59.731          110.682         1245.459          152.773         1138.384
          726.355           21.829           95.682          973.059          170.773         1308.364
          638.755          -29.907          159.182          939.169          173.773         1273.945
          728.055           -6.009          151.682         1000.719          160.273         1204.834
          728.355           11.249           96.682          935.419          174.773         1317.304
          789.355           71.709          204.182         1122.369          261.273         1371.695
          985.755          -13.487           68.682          834.839          143.773         1149.645
          749.355          -13.391          141.682         1180.619          219.773         1058.005
          563.355           -0.951          197.182          926.349          172.773         1132.584
          631.355           15.529          249.682          875.999          255.273         1073.534
          724.755          -63.947          147.682         1244.779          212.773         1136.485
          515.055           18.111          168.182         1079.409          286.773         1039.124
          735.755          -57.487          210.182          989.529          183.273         1170.114
          600.355          -16.131          149.182         1206.569          110.273         1110.334
          480.055           63.311          290.682         1154.759          262.273         1227.054
          724.055          -87.849          354.182         1208.869          139.273         1236.774
          671.055           29.271          168.682         1046.339          257.773         1036.185
          543.755           62.393          250.682         1180.859          303.273          985.815
          628.355          -48.051           97.682         1182.779          198.273         1085.514
          600.055           -6.089          208.682         1008.739          130.773         1133.965
          765.755          -18.687           90.182          964.829          243.273          819.215
          719.755           36.753           95.182         1016.629          895.273           21.935
          563.755           26.593           76.182         1059.289         1135.773          -22.235
          817.755         -116.267           74.182         1168.069         1020.773           54.865
          687.055          -11.269          228.682          922.939          821.273           24.295
          580.755           -3.087          212.682          944.679          836.273           27.195
          544.055           38.051          162.182          730.249          230.646         1165.361
          512.355           43.489          129.182          875.869          130.773         1171.465
          575.755          -39.087          132.182          922.949          177.773         1119.384
          752.355          -34.411          799.182          230.569          272.773         1223.584
          725.055          -28.589          779.682          278.799          307.773         1226.685
          849.355          -37.991          938.682          168.539          171.773         1029.725
          686.355            8.429          894.682          207.699          208.273         1364.614
          776.355           -6.771         1000.182          133.429          145.773         1217.864
          737.355           40.289          731.682          140.019          301.773          965.525
          725.355          -78.631          854.182          110.369          234.773         1416.405
          505.055           31.211          944.682          143.199          178.273         1200.314
          799.355          -43.991          747.182          115.349          330.773         1086.965
          614.055          -40.749          938.182          107.609          184.773         1156.405
          758.055            3.791          759.682          217.599          180.773         1068.465
          612.755           40.433          940.182          110.829          308.273         1311.114
          624.755            1.753          949.182          209.569          215.273         1357.634
          736.755          -73.627          795.182           82.129          295.773         1005.865
          704.355           11.609          828.682          144.939           50.273         1202.235
          811.055          -91.029          869.182          251.269          236.773         1365.624
          803.355          -66.251          769.682          156.199           51.273          951.095
          678.055          -45.709          804.682          102.799          161.773         1142.124
          584.055            1.451          945.182           33.129          230.773         1038.965
          686.355          -16.871          605.182           93.729          352.773         1137.884
          604.355           17.909          918.182          208.409          236.773         1280.124
          655.355           35.769          699.682          155.999          256.773         1265.824
          657.055           15.931          739.682          165.899          247.773         1240.584
          940.355            5.869          844.182          167.769          278.273         1284.314
          973.755          -12.407          964.682           58.899          230.646         1165.361
         1058.354          -95.651          696.182          103.489          875.273          188.235
          997.755           -9.767          757.182          330.449          994.773          309.005
          704.055           75.651          816.182           91.189         1082.273          222.255
          978.055           -5.709          718.182          186.909          615.773          290.065
         1007.054           19.231          801.182          136.289          869.273          313.075
          920.355          -16.631          675.182          158.429         1001.273          257.095
          905.355          -51.231          920.682          162.559          996.773          139.225
         1282.354          -78.611          543.682          255.839          719.773          126.005
          921.755          -41.527          648.182          208.709          823.273          379.515
         1055.054          -27.789          156.182          732.089          839.273          580.275
          889.755          -47.047          255.182         1061.729          944.773          151.505
          959.355            5.909          235.682          961.959          191.273         1104.995
         1144.054          -58.249          116.182         1297.189          198.273         1382.514
         1066.755          -67.427          200.682         1147.359          216.273         1087.495
         1055.054           -4.789          205.682          974.159          210.273         1350.834
          949.755            0.553           43.182          898.909          277.273         1059.955
         1034.054         -103.549           69.182         1132.769         1132.773          326.685
          888.355          -14.851           64.182          720.469          961.773          260.625
          979.055           22.851          260.682          874.959         1127.773          299.385
          700.055           18.511          124.682         1012.999          287.273          935.055
          677.755          -35.667          266.182          658.689          201.773         1108.524
          599.055           49.651           40.182          938.329          305.773         1073.965
          739.755           23.653          248.182          759.209          356.273         1117.895
          680.755           -9.087          132.682         1145.879          159.273         1227.975
          781.055          -24.829          183.682          868.239          328.273          990.315
          658.355           82.349           14.182          888.469          604.273          910.675
          564.755          -30.847          652.182          224.149          214.773         1254.705
          819.755          -51.847          693.182          293.909          127.273         1409.455
          672.755          -33.667          909.682          -43.901          402.773         1071.884
          615.355          -11.631          871.682          -26.081          927.273          275.455
          670.055            8.411          929.682          -21.201          860.273          198.335
          627.355          -54.611          852.182          -55.351          950.773          307.165
          662.355          -24.211          663.682          -28.461          809.773          353.905
          698.355          -32.851          332.182           -1.051          882.273          163.255
          876.055          -70.129          490.182          -24.671          867.773          305.285
          719.755          -37.847          377.682           40.079          915.273          142.135
          694.055           -6.249          591.182           32.689         1063.773          397.345
         1261.354          -77.071          466.182           -9.811          885.773          652.765
         1075.054          -62.589          384.182          -20.331          706.773          286.825
          763.755          -61.707          421.182           89.989          967.273          529.355
          573.755            1.893          503.182           92.509          168.773         1035.645
          580.055          -21.989          603.682           22.439           86.273         1190.695
          721.355            3.929          416.182           -7.811          176.773          975.025
          623.355          -52.351          623.682           -1.361              NaN              NaN
          691.055          -29.229          451.182          -24.711              NaN              NaN
          734.055          -32.249          387.182           48.249              NaN              NaN
          570.055          -22.889          476.682           34.219              NaN              NaN
          687.055           12.731          491.682           25.119              NaN              NaN
          504.755          -71.747          510.682          206.459              NaN              NaN
          594.755           87.253          476.682           42.219              NaN              NaN
          639.055          -32.549          454.682            9.299              NaN              NaN
          562.755           31.133          455.182           19.229              NaN              NaN
          746.755          -67.327          493.182            7.909              NaN              NaN
          732.355          -72.611          594.182           -9.231              NaN              NaN
          711.755          -50.427          532.682           48.379              NaN              NaN
         1183.755           -4.207          491.682          -40.881              NaN              NaN
         1010.355           -9.931          337.182           22.249              NaN              NaN
         1141.054          -37.829          356.182           -4.911              NaN              NaN
         1008.755          -22.707          412.182          -27.751              NaN              NaN
          811.355          -43.071          518.182          -22.591              NaN              NaN
          572.755           33.333          585.182           -2.471              NaN              NaN
          659.055          -20.749          417.682           18.979              NaN              NaN
          656.755          -47.427          597.682           44.279              NaN              NaN
          662.355           60.489          523.682           49.639              NaN              NaN
          703.755          -17.607          564.182          -53.031              NaN              NaN
          756.055           -6.629          493.182          -13.091              NaN              NaN
          702.355          -24.811          416.182          -15.311              NaN              NaN
          738.755           -4.907          570.182           18.629              NaN              NaN
          624.055            4.851          413.682           70.039              NaN              NaN
          640.755          -88.487          663.182            1.609              NaN              NaN
          726.355           -6.471          622.682          -26.721              NaN              NaN
          668.755           -1.107          458.182          -10.191              NaN              NaN
          775.355           24.669          510.682           22.959              NaN              NaN
          726.355          -36.171          572.682          -27.221              NaN              NaN
          687.755          -12.367          367.682           10.979              NaN              NaN
          583.355           -1.151          541.182          115.189              NaN              NaN
          578.755          -19.507          658.682            8.739              NaN              NaN
          729.755          -54.947          492.182          -39.951              NaN              NaN
          663.055          -42.909          433.682           -0.761              NaN              NaN
          817.355          -71.211          578.682           32.939              NaN              NaN
         1087.354          -85.711          355.682          -15.341              NaN              NaN
         1043.755          -23.907          545.682          -21.941              NaN              NaN
         1121.755          -49.127          664.682            4.399              NaN              NaN
         1054.755          -36.147          499.682          -77.501              NaN              NaN
          904.755           -9.147          528.182           55.009              NaN              NaN
         1071.054         -107.429          546.182           61.489              NaN              NaN
          834.055          -70.549          430.682           25.659              NaN              NaN
         1089.354          -53.991          425.682          -34.141              NaN              NaN
         1017.355          -66.511          474.182           53.069              NaN              NaN
          939.755          -16.347          485.682          -53.541              NaN              NaN
          832.355           13.689          513.182            4.609              NaN              NaN
          871.355           53.229          377.682          -41.921              NaN              NaN
          992.055          -32.969          536.682           13.319              NaN              NaN
          732.355           -1.611          416.682            9.619              NaN              NaN
          612.055          -45.169          618.682          -74.161              NaN              NaN
          986.355          -36.571          435.182          -38.471              NaN              NaN
          952.755          -40.867          616.682           60.119              NaN              NaN
         1099.054          -11.349          469.182            2.269              NaN              NaN
          834.055          103.151          595.682          -23.441              NaN              NaN
          970.355          -73.331          438.682           -1.961              NaN              NaN
          892.355          -65.011          523.182          -61.291              NaN              NaN
          999.755          -53.747          368.182           -4.091              NaN              NaN
         1179.354         -103.891          617.682          -45.521              NaN              NaN
          817.055            6.131          521.682           -0.581              NaN              NaN
          561.055          -53.629          596.682          -37.081              NaN              NaN
          709.755          -16.447          367.682          -11.521              NaN              NaN
          740.755          -18.487          797.182          -43.151              NaN              NaN
          703.055          -30.909          415.682           98.259              NaN              NaN
          661.755          -15.127          511.182           -9.611              NaN              NaN
          634.755          -21.947          520.682           40.559              NaN              NaN
          890.055          -33.689          332.182           32.949              NaN              NaN
          982.755           -3.667          501.182          -43.211              NaN              NaN
          875.755          -49.687          454.182          -54.131              NaN              NaN
         1017.054           -6.469          374.682           84.999              NaN              NaN
         1001.355          -51.271          417.182           12.549              NaN              NaN
         1059.054           44.251          496.182          -30.511              NaN              NaN
         1191.354          -87.871          600.682          -82.141              NaN              NaN
         1031.354          -52.871          360.182          -30.471              NaN              NaN
         1173.354          -58.351          449.682          -16.001              NaN              NaN
          807.355          -36.811          607.182          -68.051              NaN              NaN
          838.755          -45.507          467.682           10.979              NaN              NaN
          614.055           12.251          307.182           31.449              NaN              NaN
          613.055          -11.309              NaN              NaN              NaN              NaN
          622.355          -42.211              NaN              NaN              NaN              NaN
          464.755           51.453              NaN              NaN              NaN              NaN
          603.755          -37.007              NaN              NaN              NaN              NaN
          673.355          -88.751              NaN              NaN              NaN              NaN
          716.055          -42.329              NaN              NaN              NaN              NaN
          672.355           21.389              NaN              NaN              NaN              NaN
          625.355          -84.631              NaN              NaN              NaN              NaN
          593.055          -29.509              NaN              NaN              NaN              NaN
          620.055           49.411              NaN              NaN              NaN              NaN
          760.355          -42.531              NaN              NaN              NaN              NaN
          759.055           42.251              NaN              NaN              NaN              NaN
          702.355          -61.411              NaN              NaN              NaN              NaN
          634.355           12.709              NaN              NaN              NaN              NaN
          702.755           -7.867              NaN              NaN              NaN              NaN
          547.355           49.589              NaN              NaN              NaN              NaN
          533.055           67.591              NaN              NaN              NaN              NaN
          697.755          -31.767              NaN              NaN              NaN              NaN
          629.055          -63.149              NaN              NaN              NaN              NaN
          668.055          -63.609              NaN              NaN              NaN              NaN
          655.755          -43.287              NaN              NaN              NaN              NaN
          683.355          -35.751              NaN              NaN              NaN              NaN
          652.055          -16.369              NaN              NaN              NaN              NaN
          615.055           35.111              NaN              NaN              NaN              NaN
          653.355            0.749              NaN              NaN              NaN              NaN
          473.055          -23.709              NaN              NaN              NaN              NaN
          621.355          -74.771              NaN              NaN              NaN              NaN
          581.055           21.171              NaN              NaN              NaN              NaN
          654.755           61.853              NaN              NaN              NaN              NaN
          590.355          -39.431              NaN              NaN              NaN              NaN
          861.055          -41.029              NaN              NaN              NaN              NaN
          822.355           53.089              NaN              NaN              NaN              NaN
          849.055          -39.949              NaN              NaN              NaN              NaN
          940.755          -30.187              NaN              NaN              NaN              NaN
          831.755          -58.527              NaN              NaN              NaN              NaN
          842.755           49.233              NaN              NaN              NaN              NaN
          731.055           29.571              NaN              NaN              NaN              NaN
          616.055           13.971              NaN              NaN              NaN              NaN
          664.355          -68.491              NaN              NaN              NaN              NaN
          762.055          -33.469              NaN              NaN              NaN              NaN
         1008.054         -158.209              NaN              NaN              NaN              NaN
          575.355          -43.331              NaN              NaN              NaN              NaN
          822.755          -16.267              NaN              NaN              NaN              NaN
          712.355          -22.511              NaN              NaN              NaN              NaN
          853.055          -35.209              NaN              NaN              NaN              NaN
          785.055          -54.389              NaN              NaN              NaN              NaN
          665.055           40.811              NaN              NaN              NaN              NaN
          757.755          -24.167              NaN              NaN              NaN              NaN
          590.055          -39.389              NaN              NaN              NaN              NaN
          657.055          -30.769              NaN              NaN              NaN              NaN
          478.755           10.193              NaN              NaN              NaN              NaN
          838.055          -56.809              NaN              NaN              NaN              NaN
          588.355            0.149              NaN              NaN              NaN              NaN
          733.355          -28.151              NaN              NaN              NaN              NaN
          578.055           14.591              NaN              NaN              NaN              NaN
          639.355          -35.991              NaN              NaN              NaN              NaN
          646.755          -47.327              NaN              NaN              NaN              NaN
          653.355           16.749              NaN              NaN              NaN              NaN
          713.355          -17.951              NaN              NaN              NaN              NaN
          732.055          -34.569              NaN              NaN              NaN              NaN
          915.755           -6.687              NaN              NaN              NaN              NaN
          871.055          -11.429              NaN              NaN              NaN              NaN
         1031.354           12.829              NaN              NaN              NaN              NaN
         1021.355           -5.771              NaN              NaN              NaN              NaN
         1271.354          -13.471              NaN              NaN              NaN              NaN
          983.755           58.193              NaN              NaN              NaN              NaN
          999.755          -29.747              NaN              NaN              NaN              NaN
         1127.054            6.731              NaN              NaN              NaN              NaN
         1166.054          -51.329              NaN              NaN              NaN              NaN
          967.355          -12.511              NaN              NaN              NaN              NaN
          731.755          -83.227              NaN              NaN              NaN              NaN
          624.755          -42.947              NaN              NaN              NaN              NaN
          588.055           25.191              NaN              NaN              NaN              NaN
          581.355          -91.871              NaN              NaN              NaN              NaN
          842.355          -32.011              NaN              NaN              NaN              NaN
          932.055          -39.969              NaN              NaN              NaN              NaN
          927.355           35.389              NaN              NaN              NaN              NaN
